Personal ID;Household ID;Status;Sex;Age;Height (cm);Weight (kg);BMI (kg/m²);Adult weight status;IOTF z-score;IOTF weight status;Tuber (u/week);Vegetable (u/week);Legumes (u/week);Fruit (u/week);Fish (u/week);Water (u/day);Butter (u/week);Breakfast cereals (u/week);Canned meat (u/week);Cold cuts (u/week);Noodle soup (u/week);Fries (u/week);Chips (u/week);Hamburger (u/week);Sweets (u/week);Cookies (u/week);SSB (u/week);Sedentary AP (s/day);Light AP (s/day);MVPA (s/day);OMS recommendation
1;2;Adulte;M;35<= age <45;177;101;32.2;obese;;;1.5;14;1.5;14;1.5;3.571428571;10.5;1;1.5;1;1.5;1;1;1;1;1;0.285714286;41483;5782.571429;816.5714286;No
2;2;Adulte;F;35<= age <45;163;69.4;26.1;surpoids;;;3.5;14;1;14;1.5;4.285714286;1.75;1;3.5;3.5;3.5;1;1;1;3.5;1;0.285714286;43091;4102.571429;486.7142857;No
3;2;Enfant;F;10<= age <15;155;40.1;16.7;;-0.264824933;normal;1;7;1;30;1;4.285714286;32;1;1;7;1;1;1;1;1;1.5;0.142857143;38630.71429;1874.571429;2806;No
4;2;Enfant;M;age <10;137;32.1;17.1;;0.542431345;normal;7;37;1;30;3.5;4.285714286;7;1;1;7;5.5;1;1;1;1;1;0.142857143;40290.28571;3196;4712;Yes
5;3;Adulte;M;;;;;;;;1.5;7;1;14;1.5;2.571428571;10.5;1;1;1.5;1;1;1;1;1;1;1.571428571;73121.57143;863.2857143;267.5714286;No
6;3;Adulte;F;35<= age <45;160;48.2;18.8;normal;;;1;7;1;7;1.5;1;14;1;1;1.5;1;1;1;1;1;1;0.142857143;60589.71429;3020.857143;860.8333333;No
7;3;Enfant;F;10<= age <15;164;48;17.8;;-0.794216033;normal;3.5;21;3.5;7;5.5;2.571428571;3.5;15;1.5;1.5;1.5;1;15;1;3.5;1.5;2.571428571;45590.42857;3307;1333.571429;No
8;8;Adulte;F;35<= age <45;156.5;51.6;21.1;normal;;;5.5;37;1;30;3.5;4.285714286;46;5;1;3.5;1.5;1;1;1;1.5;3.5;3.571428571;37706;4158.333333;2219;Yes
9;8;Enfant;M;10<= age <15;139.5;31.3;16.1;;-0.598010585;normal;1.5;7;1;14;1.5;1.571428571;1.75;1;1;3.5;1;1.5;1.5;1.5;1.5;1;0.285714286;41838.33333;1967.666667;6995;Yes
10;10;Adulte;M;45<= age <65;168.5;80.8;28.5;surpoids;;;3.5;7;1.5;30;1.5;4.285714286;0;1;1;7;1;1;1;1;1;1;0.142857143;35863.33333;5275.333333;960.1666667;No
11;10;Adulte;F;45<= age <65;157;80.4;32.6;obese;;;3.5;28;1.5;21;1;1.571428571;3.5;1;1.5;3.5;3.5;1.5;1;1;1.5;1.5;0.285714286;45469.42857;4401.571429;1296;Yes
12;10;Enfant;M;10<= age <15;169;54.6;19.1;;0.35307905;normal;1;14;1;14;1;3.571428571;7;1;1;1.5;3.5;1;1;1;1;1;0.142857143;40694.83333;2369.666667;3256.666667;No
13;11;Adulte;M;45<= age <65;171.5;93.7;31.9;obese;;;1.5;21;1.5;14;1.5;3.571428571;1.75;1;1;1;1;1;1;1;1;1;0.142857143;50815.85714;5362.285714;1877.714286;Yes
14;11;Adulte;F;45<= age <65;165;92.2;33.9;obese;;;1.5;14;1;7;1;1.571428571;1.75;1;1;1;1;1;1;1;1;1;0.142857143;33847.42857;7301.714286;1525.571429;Yes
15;11;Enfant;M;15<= age <18;168;56.7;20.1;;0.254808169;normal;3.5;14;1;14;3.5;2.571428571;3.5;1;1;1.5;1;1;1.5;1;1.5;1.5;0.714285714;37364.28571;6940.428571;4576.714286;Yes
16;12;Adulte;M;45<= age <65;172;82.7;28;surpoids;;;1.5;14;1;14;3.5;3.571428571;3.5;1;1.5;1.5;3.5;1;1;1;1;1;0.142857143;50397.14286;3278.285714;261.2857143;No
17;12;Enfant;F;10<= age <15;152;38;16.4;;-0.404209033;normal;1;7;1;7;1;1;1.75;1;1;1.5;1.5;1;1;1;1.5;1;0.285714286;46524.85714;1626.142857;1089.714286;No
18;14;Adulte;M;age >=65;170;88.6;30.7;obese;;;1.5;14;1.5;14;1.5;2.571428571;10.5;1;1.5;1.5;1;1;1;1;1;1;0.142857143;45023.28571;7593.285714;761.2857143;No
19;14;Enfant;M;10<= age <15;155;40.2;16.7;;-0.69447758;normal;7;14;1.5;30;7;4.285714286;0.25;5;1;1;1;1;1;1;1;1;0;41633.28571;1725.714286;3216.714286;No
20;14;Enfant;F;age <10;139;34.3;17.8;;0.825951822;normal;1;7;1;14;1;1;3.5;1;1;1;1;1;1;1;1;1;0;;;;
21;15;Adulte;M;45<= age <65;169;81.9;28.7;surpoids;;;1.5;21;1.5;14;1.5;2.571428571;0;1;3.5;1.5;7;1.5;1;1;1;1;0.142857143;44773.71429;3952.714286;270.7142857;No
22;15;Adulte;F;45<= age <65;163.5;71.9;26.9;surpoids;;;1.5;7;1.5;14;1.5;1.571428571;10.5;1;1;1;1.5;1;1;1;1;1;0;41757;6689.285714;1885.857143;Yes
23;15;Enfant;M;10<= age <15;154.4;44.9;18.8;;0.35781355;normal;1.5;14;1.5;21;1.5;2.571428571;7;1;1;1;1.5;1;1;1;1;1.5;0.142857143;39253;2065.714286;4304.285714;Yes
24;17;Adulte;M;35<= age <45;174.5;97.3;32;obese;;;1.5;21;1;21;1;4.285714286;0.5;1;1;1;1;3.5;1;1;1;1;0.142857143;40836.85714;8608;1317.142857;Yes
25;17;Adulte;F;35<= age <45;158;68.5;27.4;surpoids;;;1.5;7;1;7;1.5;1.571428571;32;1;1.5;1;1.5;1.5;1;1;1;1;0.142857143;40855.14286;4759.857143;699.5714286;No
26;17;Enfant;F;10<= age <15;159.5;54.6;21.5;;0.994484961;normal;1;14;1;21;1;3.571428571;14;1;1.5;1.5;1;1;3.5;1;3.5;1.5;0.285714286;40229.14286;2822.571429;2071.714286;No
27;18;Adulte;M;35<= age <45;171;120.1;41.1;obese;;;3.5;7;1;14;1.5;2.571428571;1.75;1;1.5;1;1;1;1;1;1;1;0.285714286;39006.14286;2689;1056.142857;Yes
28;18;Adulte;F;35<= age <45;159;87.1;34.5;obese;;;1;7;1;7;3.5;3.571428571;7;1;1;1;1;1.5;1.5;1;1;1;0.142857143;42632;2577.285714;1173.428571;Yes
29;18;Enfant;M;15<= age <18;167.5;67.4;24;;1.481621955;surpoids;3.5;37;1.5;30;1.5;2.571428571;10.5;1;1;3.5;1.5;1;1;1;5.5;1;0.714285714;38880.42857;2750.714286;4038.857143;Yes
30;20;Adulte;M;45<= age <65;177;94.7;30.2;obese;;;1.5;14;1.5;14;1;4.285714286;0;1;1;1.5;3.5;1;1.5;1;1;1.5;0.285714286;34803.71429;11193.42857;730.5714286;No
31;20;Adulte;F;35<= age <45;158.5;82.5;32.8;obese;;;1;14;1;14;1.5;3.571428571;0.5;1;1.5;3.5;5.5;1.5;1.5;1.5;1.5;1;0.142857143;32690.57143;4499.571429;901.4285714;No
32;20;Enfant;F;10<= age <15;159;43.3;17.1;;-0.549247636;normal;5.5;28;1;30;5.5;3.571428571;24;15;1;5.5;5.5;1;15;1.5;3.5;3.5;2.571428571;35629.57143;2928;2577.142857;No
33;23;Adulte;M;35<= age <45;177.5;99.1;31.5;obese;;;1.5;7;1;7;7;4.285714286;0;1;1;1;7;3.5;1;7;1;1;0.142857143;37093.57143;6142;823.5714286;No
34;23;Adulte;F;35<= age <45;171.5;110.7;37.6;obese;;;1;14;1;21;1.5;4.285714286;32;7;1;1.5;1;1;1;1;1;1;1.571428571;35881.28571;5402.857143;789.8571429;No
35;23;Enfant;M;10<= age <15;150;40;17.8;;0.303287416;normal;1;21;1.5;14;1;4.285714286;1.75;5;1;1;5.5;1;1;1;1;1;0.285714286;;;;
36;24;Adulte;M;45<= age <65;167;93.6;33.6;obese;;;7;21;1.5;30;1.5;3.571428571;14;1;7;1;1;1.5;1;1;1;1;0.285714286;36515.42857;7071.714286;942.1428571;No
37;24;Adulte;F;35<= age <45;155;65.7;27.3;surpoids;;;3.5;7;3.5;21;1;1.571428571;7;1;3.5;1.5;3.5;1;1;1;1;1.5;0.285714286;49651.57143;4580.142857;349.8571429;No
38;24;Enfant;F;10<= age <15;138.5;36.8;19.2;;0.164777929;normal;5.5;21;1.5;30;3.5;1.571428571;24;1;1.5;1;1.5;1.5;3.5;1.5;3.5;1.5;2.571428571;38109.42857;4088.857143;1782.571429;No
39;4;Adulte;M;45<= age <65;190;73.9;20.5;normal;;;1.5;14;1;7;1;4.285714286;3.5;1;1;1;1;1;1;1;1;1;0.142857143;43624.42857;5506.428571;243.8571429;No
40;4;Adulte;F;35<= age <45;159;59.3;23.5;normal;;;3.5;37;3.5;30;1.5;4.285714286;7;1;1;1;1;3.5;1;1;1;1;0;50495.5;5863;2094.8;Yes
41;4;Enfant;M;18<= age <25;180;70.8;21.9;normal;;;5.5;7;1;30;5.5;2.571428571;7;1;1;1;1;1;1;1;1.5;1;0.285714286;55001.28571;4511.428571;833.1428571;No
42;4;Enfant;M;10<= age <15;157;42.7;17.3;;-0.541655564;normal;1.5;14;1;30;1;4.285714286;3.5;7;1;3.5;1.5;1;1.5;1.5;1.5;1;0.714285714;49192;2317.857143;4514.285714;Yes
43;13;Adulte;M;45<= age <65;165;97;35.6;obese;;;1.5;7;1;7;1.5;3.571428571;7;1;1;1;1.5;1;1;1;1;1;0.285714286;50020.71429;3925.714286;602.5714286;No
44;13;Enfant;F;10<= age <15;158.5;61.3;24.4;;1.493171571;surpoids;1;14;1;14;1;4.285714286;10.5;1;1;1;1.5;1;1.5;1;3.5;1;0.285714286;47446.14286;2080;1258.571429;No
45;13;Enfant;M;;;;;;;;1.5;14;1.5;14;3.5;2.571428571;3.5;1;1;1;1;1;1;1;1;1;0.285714286;;;;
46;1;Adulte;M;;;;;;;;7;37;3.5;30;5.5;2.571428571;0.5;1;3.5;1.5;5.5;1.5;1;1;1;1;1.571428571;;;;
47;1;Adulte;M;45<= age <65;169;81.9;28.7;surpoids;;;1.5;14;1;7;1.5;1.571428571;0.5;1;1;1;1;1;1;1;1;1;0.142857143;63238.57143;8518.571429;2263.857143;Yes
48;1;Adulte;F;35<= age <45;159;91.5;36.2;obese;;;3.5;21;1;14;1.5;4.285714286;1.75;1;1;1;1.5;1;1;1;1;1;0;;;;
49;1;Enfant;M;10<= age <15;155;44.6;18.6;;-0.482477536;normal;5.5;21;1;21;5.5;2.571428571;5.25;1;1;1;3.5;3.5;3.5;1;3.5;1;0.285714286;;;;
50;1;Enfant;M;age <10;117;22.8;16.7;;0.356814932;normal;7;14;1.5;7;3.5;4.285714286;24;1;1;1.5;3.5;1;1.5;1;1;1.5;0.142857143;;;;
51;19;Adulte;M;45<= age <65;172.3;73.6;24.8;normal;;;1;14;1;7;1;2.571428571;7;1;1.5;1;1.5;1;1;1;1;1;0.285714286;40402.28571;5487.714286;1193.285714;Yes
52;19;Adulte;F;35<= age <45;157.8;78.8;31.6;obese;;;1.5;14;1;14;1;4.285714286;3.5;1;1.5;1;1.5;1;1;1;1;1;0.142857143;44871.71429;2825;909.2857143;No
53;19;Enfant;M;15<= age <18;178;70.1;22.1;;0.735478302;normal;1.5;14;1.5;14;1;4.285714286;10.5;1;1.5;1;1;1;1.5;1;1.5;1.5;2.571428571;42350;2553.714286;2653.714286;No
54;19;Enfant;F;10<= age <15;143.8;39.3;19;;0.757877817;normal;1;14;1;14;1;2.571428571;5.25;1;1.5;3.5;1;1;1.5;1;1;1.5;0.714285714;37663.71429;2788.285714;2109.285714;No
55;21;Adulte;F;35<= age <45;161;94.4;36.4;obese;;;1.5;37;3.5;7;1.5;4.285714286;5.25;2;1;1;1;1.5;1;1;1;1;0.285714286;49488.28571;1993.571429;605.1428571;No
56;21;Enfant;M;10<= age <15;160;48.7;19;;0.316006811;normal;3.5;21;1;21;1.5;2.571428571;5.25;1;1;1;1;1;1;1;1;1;0.142857143;38899.71429;1622.428571;4335.857143;Yes
57;21;Enfant;M;10<= age <15;155.5;43.8;18.1;;-0.041040961;normal;1;7;1;21;1;4.285714286;0.5;1;1;1.5;1.5;1;1;1;1;1;0.142857143;36126.57143;1912.428571;4987.285714;Yes
58;22;Adulte;M;35<= age <45;172.5;96.2;32.3;obese;;;3.5;14;1;30;1.5;4.285714286;3.5;1;1;1;1.5;1;1;1;1;1;0.285714286;36338.71429;5905.142857;2151.285714;Yes
59;22;Adulte;F;35<= age <45;164;77.3;28.7;surpoids;;;1.5;7;3.5;21;1;4.285714286;10.5;1;1;3.5;3.5;1.5;1.5;1;1;1.5;0.142857143;40950.14286;3928.571429;1047.714286;Yes
60;22;Enfant;M;10<= age <15;163.5;62.7;23.5;;1.364030588;surpoids;1.5;14;1.5;14;1.5;2.571428571;3.5;2;3.5;1;1;1.5;3.5;1;1.5;1.5;0.285714286;33067.57143;3953.714286;2926.285714;No
61;22;Enfant;F;10<= age <15;151;41.8;18.3;;0.385174861;normal;5.5;37;1;21;1;3.571428571;14;1;1;5.5;3.5;1.5;1.5;1;5.5;1.5;0.285714286;30267.42857;2902.285714;3024.428571;No
62;25;Adulte;M;45<= age <65;171;79.3;27.1;surpoids;;;3.5;7;1;14;1;3.571428571;24;1;3.5;1;3.5;1;1.5;1.5;1;1.5;0.285714286;42296;6504.571429;1053.714286;Yes
63;25;Adulte;F;45<= age <65;153.5;55.4;23.5;normal;;;1.5;7;1;30;1;4.285714286;7;1;1.5;1.5;1.5;1;1.5;1;1;1;0.142857143;38370.85714;6760.714286;1631.571429;Yes
64;25;Enfant;F;10<= age <15;160;47.6;18.6;;-0.315653442;normal;1.5;21;1;14;1;1.571428571;7;1;1;1.5;1.5;1.5;1;1;1.5;1.5;0.142857143;38896.57143;2831.428571;2930.142857;No
65;25;Enfant;F;10<= age <15;157.5;49;19.8;;0.14580781;normal;1.5;21;1;14;1;1.571428571;10.5;2;1.5;3.5;3.5;1.5;5.5;1;1;1;0.285714286;37063.71429;2527.714286;3481;No
66;26;Adulte;M;25<= age <35;173.5;130.1;43.2;obese;;;1.5;14;1;14;1.5;4.285714286;3.5;1;1.5;1;1;1;1;1;1;1;0;49955.28571;5125.428571;344.7142857;No
67;26;Adulte;F;25<= age <35;156;64.3;26.4;surpoids;;;1;21;1;21;1;2.571428571;10.5;1;1;1;1;1;1;1;1;1;0;53342.42857;2502;425.7142857;No
68;26;Enfant;M;10<= age <15;142;33.4;16.6;;-0.343546311;normal;7;37;1.5;30;5.5;4.285714286;3.5;1;1;1.5;1;1.5;1.5;1;1;1;0.142857143;36227.28571;1727.857143;3889;Yes
69;27;Adulte;M;35<= age <45;177.5;95.5;30.3;obese;;;1.5;7;1.5;7;3.5;2.571428571;14;2;1;1;1.5;1.5;1;1.5;1;1.5;0.142857143;39083.42857;4893.428571;1214.285714;Yes
70;27;Adulte;F;35<= age <45;164.5;95.8;35.4;obese;;;3.5;37;1.5;30;3.5;2.571428571;1.75;1;1;1;1;1;1;1;1;1;0.142857143;41287.85714;2464.142857;791.8571429;No
71;27;Enfant;F;10<= age <15;166.5;47.5;17.1;;-0.392556;normal;;;;;;;;;;;;;;;;;;38823;2521.428571;1345.714286;No
72;28;Adulte;M;45<= age <65;173.5;144.6;48;obese;;;3.5;14;1;7;1.5;3.571428571;10.5;1;1.5;1;1;1;1;1;1;1.5;0.285714286;40350.57143;5543;636.8571429;No
73;28;Adulte;F;35<= age <45;154;74.7;31.5;obese;;;5.5;21;1;7;1;4.285714286;10.5;1;1.5;1;3.5;1;1;1;1;1;0.142857143;36465.85714;7419.285714;1005.714286;Yes
74;28;Enfant;M;15<= age <18;165;50.1;18.4;;-0.312599283;normal;1.5;28;1.5;14;1;4.285714286;3.5;1;1;1.5;1.5;1;1;1;1;1.5;2.571428571;36199.28571;3832;2840.428571;No
75;29;Adulte;M;45<= age <65;157;62.8;25.5;surpoids;;;1;7;1;7;1;4.285714286;0.25;1;1.5;1.5;1;1;1;1;1;1;0.142857143;31596.85714;13079.28571;897.1428571;No
76;29;Adulte;F;45<= age <65;152;84.7;36.7;obese;;;1;14;1;14;1;2.571428571;10.5;1;1;1;1;1;1;1;1;1;0.142857143;33917.14286;8005.142857;1530;Yes
77;29;Enfant;M;15<= age <18;162.5;71.3;27;;2.022762512;surpoids;7;14;1.5;30;1;2.571428571;24;1;1;1.5;1;1.5;1.5;1;1;1;0.142857143;40547.71429;2405.428571;2885.714286;No
78;30;Adulte;F;35<= age <45;158.3;64.6;25.8;surpoids;;;3.5;21;1.5;7;1;3.571428571;14;1;1.5;1;1;1.5;1;1;1;1;0.285714286;38755.57143;8817.142857;1515.857143;Yes
79;30;Enfant;F;10<= age <15;160.1;61.5;24;;1.407993686;surpoids;3.5;14;1.5;14;1;1.571428571;11.5;1;1;1.5;1;1;3.5;1;15;3.5;2.571428571;44388.14286;3174.285714;1668.428571;No
80;30;Enfant;M;10<= age <15;143.5;38.1;18.5;;0.358207928;normal;1;28;1;21;1;2.571428571;1;1;1;5.5;3.5;3.5;3.5;1;3.5;1.5;1.571428571;40660.42857;2963.428571;4770.714286;Yes
81;31;Adulte;M;45<= age <65;184;112.8;33.3;obese;;;1.5;21;1;7;1;4.285714286;1.75;1;1;1;1.5;1;1;1;1;1;0.142857143;42624.71429;6583.142857;1088.857143;Yes
82;31;Adulte;F;35<= age <45;163.5;111.1;41.6;obese;;;1.5;37;1.5;14;5.5;3.571428571;10.5;1;3.5;1.5;5.5;1;1.5;1;1;1;0;41779.14286;4163.857143;522.7142857;No
83;31;Enfant;F;15<= age <18;162.5;69.5;26.3;;1.746014416;surpoids;1.5;21;1.5;14;1;2.571428571;0;1;3.5;3.5;1;1.5;3.5;1;7;1.5;3.571428571;;;;
84;31;Enfant;F;10<= age <15;153;47.4;20.2;;0.745552408;normal;3.5;28;7;30;1;4.285714286;14;1;1.5;1.5;1.5;5.5;7;5.5;7;7;0.714285714;37045.85714;2591.285714;3140.142857;No
85;32;Adulte;M;45<= age <65;167.5;92.4;32.9;obese;;;1.5;7;1.5;14;1.5;3.571428571;46;1;1.5;7;3.5;1.5;1.5;1;1;1;2.571428571;38986.28571;5601.285714;918.7142857;No
86;32;Enfant;M;15<= age <18;180.7;96.7;29.6;;2.432241149;obese;5.5;37;3.5;30;1.5;4.285714286;32;1;3.5;1.5;1.5;3.5;3.5;1;1.5;5.5;2.571428571;40931.57143;2252;2337.142857;No
87;32;Enfant;M;10<= age <15;166.4;94.7;34.2;;3.19184985;obese;5.5;21;1;14;1.5;2.571428571;24;1;1.5;1.5;3.5;1.5;1.5;1;1.5;1.5;1.571428571;37613.14286;1283.285714;3393.428571;No
88;33;Adulte;M;45<= age <65;178.5;85.8;26.9;surpoids;;;1.5;21;1.5;7;1.5;3.571428571;7;1;1.5;1.5;1.5;1.5;1;1;1;1;0;36514.28571;3681.857143;1100.714286;Yes
89;33;Adulte;F;45<= age <65;165;52.9;19.4;normal;;;3.5;7;1.5;7;1;4.285714286;3.5;1;1.5;1;1;1;1;1.5;1;3.5;0.285714286;35778.42857;5532.857143;1412.428571;Yes
90;33;Enfant;M;15<= age <18;182.5;69;20.7;;0.167000498;normal;3.5;14;1.5;14;1;3.571428571;8;1;1;1.5;1;1.5;1.5;1.5;3.5;3.5;1.571428571;45578.14286;3816.857143;2041.714286;No
91;33;Enfant;M;10<= age <15;162;46.3;17.6;;-0.259431607;normal;3.5;14;1.5;7;1;4.285714286;3.5;1;1;1.5;1;1;1;1;3.5;1;0.142857143;42143.57143;1673.428571;3106.714286;No
92;34;Adulte;F;35<= age <45;157;71.8;29.1;surpoids;;;7;37;3.5;14;1;4.285714286;14;1;7;5.5;5.5;5.5;1;1;1;1.5;0;39250.28571;5890.714286;455.8571429;No
93;34;Enfant;F;15<= age <18;155.8;61.2;25.2;;1.58880457;surpoids;1;7;1;21;1;1;5.25;1;1.5;7;7;15;1;1;15;7;0.285714286;41159.71429;2973.714286;1756.285714;No
94;34;Enfant;M;10<= age <15;146.4;32.3;15.1;;-1.31221463;maigre;5.5;28;1.5;21;1;2.571428571;3.5;1;1.5;1;1;1.5;1.5;1;1;1;0.285714286;33056.28571;2959.857143;6178.714286;Yes
95;5;Adulte;M;45<= age <65;169;92.9;32.5;obese;;;5.5;37;1.5;21;1.5;4.285714286;14;1;5.5;1.5;5.5;1.5;1;1;1;1;0.285714286;29726.66667;8868.5;2920;Yes
96;5;Adulte;F;45<= age <65;158;89;35.7;obese;;;3.5;14;1.5;7;1;4.285714286;7;1;1.5;1;5.5;1;1;1;1;1;0.142857143;35902.66667;6413.666667;1419;Yes
97;5;Enfant;F;15<= age <18;162;63.6;24.2;normal;1.04742992;normal;5.5;37;5.5;14;1;3.571428571;14;1;5.5;7;1;1;1;1;1;1;3.571428571;34119.16667;3429.833333;4292.5;Yes
98;5;Enfant;F;10<= age <15;150;41.7;18.5;;0.319155934;normal;1;7;1;14;1;1.571428571;3.5;1;1;1;5.5;1.5;1;15;3.5;3.5;0.285714286;34519.16667;3799.666667;2720.5;No
99;5;Enfant;F;15<= age <18;163;71.5;26.9;surpoids;1.654523998;surpoids;3.5;21;1;21;1;2.571428571;3.5;1;1;3.5;3.5;1.5;3.5;3.5;3.5;3.5;3.571428571;41966;3130.833333;2322.333333;No
100;7;Adulte;F;25<= age <35;160;55.4;21.6;normal;;;1;7;1;7;1;3.571428571;3.5;1;1;1;1;1;1;1;1;1;0.142857143;32461.16667;6891.333333;975;Yes
101;7;Adulte;M;25<= age <35;178;98.2;31;obese;;;1.5;7;1;14;1;4.285714286;1.75;1;1;1;3.5;1;1;1;1;1.5;0.142857143;47149.57143;3860.714286;140.4285714;No
102;7;Enfant;F;10<= age <15;162.5;50.8;19.2;;0.693149365;normal;1;14;1;14;1;1.571428571;5.25;1;1;1.5;1;1;1;1;1;1;0.142857143;43058;1666.666667;1845.833333;No
103;6;Adulte;F;35<= age <45;157;57.7;23.4;normal;;;1.5;14;1.5;14;1.5;3.571428571;10.5;1;1.5;1;1.5;1;1.5;1;1;1;0.285714286;41497.83333;3792;473.1666667;No
104;6;Adulte;M;35<= age <45;172.5;117.7;39.6;obese;;;1;14;1;7;1.5;4.285714286;7;1;1;1;1;1;1;1;1;1;3.571428571;34002.16667;3050.666667;1077.666667;Yes
105;6;Enfant;F;15<= age <18;157;54.5;22.1;;0.539926734;normal;1;0;1;7;1;1.571428571;14;1;7;7;3.5;5.5;5.5;1;5.5;5.5;0.714285714;38838.66667;4068;1477;No
106;6;Enfant;M;15<= age <18;173;69.8;23.3;;1.006770925;normal;7;37;1.5;30;1.5;4.285714286;7;1;1;1.5;1.5;1;1.5;1;1;1;0.285714286;37130.83333;3086.5;3130.5;No
107;6;Enfant;M;10<= age <15;155;58.6;24.4;;1.865661665;surpoids;1.5;14;1;21;1;4.285714286;0;1;1;1;1;1;1;1;1;1;0.142857143;33208.66667;3812;4564.5;Yes
108;6;Enfant;M;10<= age <15;151;38.1;16.7;;-0.294973027;normal;1;14;1;14;1;2.571428571;3.5;1;1;1.5;1;1;1.5;1;1.5;1.5;0.285714286;37210.16667;4000.333333;2148.666667;No
109;9;Adulte;M;45<= age <65;170;103.7;35.9;obese;;;;;;;;;;;;;;;;;;;;35595.28571;4467;1427.142857;Yes
110;9;Adulte;F;35<= age <45;155.4;91.9;38.1;obese;;;1;7;1.5;21;1;1;3.5;1;1;1;1;1;1;1;1;1;0.142857143;53747.5;2409.833333;883;No
111;9;Enfant;F;15<= age <18;168;68.7;24.3;;1.233507529;surpoids;1;14;3.5;21;1.5;1.571428571;34.5;1;1;1;1;1;1.5;1;3.5;3.5;0.142857143;46047.16667;3866.833333;1473.666667;No
112;9;Enfant;F;15<= age <18;168.5;71.4;25.1;;1.415515431;surpoids;1.5;7;1;7;1;1.571428571;14;1;1.5;3.5;5.5;1;1.5;1;7;3.5;1.571428571;41642;2969.166667;3539.5;No
113;9;Enfant;F;10<= age <15;155;59.9;24.9;;1.751703143;surpoids;5.5;28;3.5;21;5.5;3.571428571;46;2;5.5;3.5;3.5;1;1.5;1.5;1.5;3.5;0.285714286;43667.5;2278.666667;2330.5;No
114;9;Enfant;M;age <10;130.5;28.7;16.9;;0.665943656;normal;3.5;14;5.5;14;3.5;1.571428571;32;5;5.5;3.5;5.5;1;5.5;5.5;5.5;5.5;1.571428571;;;;
115;16;Adulte;F;45<= age <65;164;102.8;38.2;obese;;;1.5;14;1;30;1;4.285714286;10.5;1;3.5;1;1;1;1;1;7;5.5;0;38604.14286;6676.428571;1273.285714;Yes
116;16;Adulte;M;35<= age <45;184;95;28.1;surpoids;;;1;7;1.5;7;3.5;2.571428571;14;1;5.5;5.5;5.5;1;1;1;1;7;3.571428571;44433.57143;2625.142857;389;No
117;16;Adulte;F;35<= age <45;162;82.4;31.4;obese;;;1;14;1;30;1.5;1.571428571;46;1;1;1.5;1;1;1.5;1.5;1.5;3.5;0.714285714;48585.66667;2566.166667;1659.666667;Yes
118;16;Enfant;F;18<= age <25;169.5;73.8;25.7;surpoids;;;3.5;21;1;30;1.5;3.571428571;46;1;3.5;1.5;7;3.5;7;1;7;5.5;3.571428571;42590;3512.428571;1633;No
119;16;Enfant;M;15<= age <18;189.5;73.3;20.4;;0.258006868;normal;3.5;37;1;30;1.5;3.571428571;10.5;1;1.5;3.5;1;1;1.5;1;1.5;1.5;2.571428571;46152.28571;1988.142857;1580.857143;No
120;16;Enfant;F;15<= age <18;189.5;73.3;20.4;;0.455951061;normal;1.5;21;1;21;5.5;2.571428571;24;1;3.5;1;3.5;1;1.5;1.5;5.5;5.5;0.714285714;44595.14286;2272.285714;2432.285714;No
121;16;Enfant;F;10<= age <15;166;59.4;21.6;;1.142435;normal;;;;;;;;;;;;;;;;;;44632;1899.714286;1467.428571;No
122;37;Adulte;F;45<= age <65;154.7;50.9;21.3;normal;;;7;14;1.5;7;7;3.571428571;0;1;1;1;5.5;1;1;1.5;1.5;1;0.142857143;42873.14286;3599.857143;423.5714286;No
123;37;Enfant;F;10<= age <15;152.5;79.7;34.3;;2.823709549;obese;1.5;14;1.5;7;1.5;2.571428571;3.5;1;1.5;1.5;1;1;1.5;1.5;1;1;0.714285714;35142.42857;2912.714286;1969.857143;No
124;35;Adulte;M;45<= age <65;168.7;118.7;41.7;obese;;;1.5;7;1;14;1;3.571428571;3.5;1;1;1;1.5;1;1;1;1.5;3.5;0.285714286;46397.57143;5108.142857;493.7142857;No
125;35;Adulte;F;45<= age <65;156;86.4;35.5;obese;;;7;7;1;7;1;2.571428571;14;1;1.5;1.5;7;1;1;1;1.5;1;0.142857143;34149.57143;6825;781.8571429;No
126;35;Enfant;M;10<= age <15;146.5;48.2;22.5;;1.627510356;surpoids;3.5;21;1.5;21;3.5;3.571428571;10.5;5;1.5;5.5;3.5;3.5;5.5;3.5;3.5;5.5;0.714285714;57337.71429;704;155.8571429;No
127;35;Enfant;M;10<= age <15;138.3;44.5;23.3;;2.059781181;surpoids;7;21;1;30;1;1.571428571;1;1;1;1;7;1.5;1;1;1.5;5.5;0.714285714;33745.57143;2398.714286;2704.142857;No
128;36;Adulte;M;35<= age <45;185.5;92.7;26.9;surpoids;;;1.5;28;1;30;1.5;1.571428571;10.5;1;1.5;1;1.5;1.5;1.5;1;1;1;1.571428571;46814;5274;922;No
129;36;Adulte;F;35<= age <45;165.5;78.2;28.6;surpoids;;;1.5;14;1;14;1;1.571428571;14;1;1;1;1;1;1;1;1;1;0.142857143;46981.57143;5051.714286;1077;Yes
130;36;Enfant;F;10<= age <15;165.2;52.5;19.2;;0.041177687;normal;3.5;7;1;21;1.5;4.285714286;5.25;1;1.5;3.5;3.5;1.5;3.5;1;3.5;3.5;0.142857143;37482.85714;3124.428571;2703;No
131;38;Adulte;F;35<= age <45;161;82.9;32;obese;;;1;14;1;14;1.5;4.285714286;10.5;1;1;1;1.5;1;1;1;1;3.5;0.142857143;52738;2267.285714;1723.142857;Yes
132;38;Enfant;F;15<= age <18;156.5;81.6;33.3;;2.664673733;obese;1;37;1.5;7;1;4.285714286;10.5;1;1;1;1.5;1;1;1;1;1.5;0;37917.57143;2156.714286;2295.285714;No
133;38;Enfant;M;10<= age <15;151.3;33.9;14.8;;-1.665153979;maigre;3.5;21;3.5;14;1.5;3.571428571;24;1;3.5;5.5;5.5;1.5;1.5;1;1;3.5;1.571428571;39434.42857;2034.714286;3879.571429;Yes
134;38;Enfant;F;10<= age <15;146;36.3;17;;-0.131457445;normal;1;37;1;7;1;1.571428571;14;1;1;1;1.5;1;1;1;1;1;0.142857143;40108.28571;2474.428571;1960.428571;No
135;39;Adulte;F;35<= age <45;162.5;120.2;45.5;obese;;;1.5;14;1;7;3.5;2.571428571;3.5;1;3.5;1;3.5;1;1;1;1;3.5;1.571428571;36827.85714;5115.428571;1113.857143;Yes
136;39;Adulte;M;35<= age <45;172.3;132.4;44.6;obese;;;3.5;14;1;21;1;4.285714286;24;1;3.5;1.5;7;1;1.5;1;3.5;5.5;0.714285714;33507.14286;8214;1089.285714;Yes
137;39;Enfant;F;15<= age <18;156.9;86.7;35.2;obese;;;1.5;28;1.5;30;1.5;4.285714286;24;1;1.5;1;1;1;1;1;1;1;1.571428571;40928.85714;5041.428571;1629.142857;No
138;39;Enfant;F;15<= age <18;158;50.2;20.1;normal;-0.266070046;normal;3.5;21;3.5;14;5.5;3.571428571;24;1;3.5;1.5;1;1;15;1.5;15;15;3.571428571;41610;3426.285714;1378.428571;No
139;39;Enfant;F;10<= age <15;150.5;44.8;19.8;;-0.210917127;normal;7;37;1;21;5.5;3.571428571;10.5;2;1.5;7;5.5;5.5;7;7;7;7;0.285714286;35515.14286;4281.285714;2385.857143;No
140;40;Adulte;M;45<= age <65;168;104.8;37.1;obese;;;1;7;1;7;1;4.285714286;7;1;1;1;1;1;1;1;1;1;0.142857143;38259.28571;4905.285714;1153.857143;Yes
141;40;Adulte;F;35<= age <45;157.3;93.1;37.6;obese;;;1;14;1;7;1;4.285714286;7;1;1;1;1;1;1;1;1;1;0.142857143;44304.85714;5039.857143;664.2857143;No
142;40;Enfant;F;15<= age <18;160.5;91.8;35.6;;2.916634545;obese;5.5;37;1.5;30;1;3.571428571;11.5;1;1;1.5;1;1;1;1;1.5;1.5;0.285714286;45467.42857;3039.857143;1137.428571;No
